885971
497257
419429
914941
27737
19717
824123
59219
194861
838667
79769
128749
475159
699943
379087
389299
193789
868783
888133
851239
559541
307583
651097
774229
268049
214939
952097
770503
8059
417169
477553
618841
974879
699757
636997
317087
657313
472133
875107
389381
492641
459691
213641
337903
92189
545267
978907
743669
824981
180307
905701
297067
865321
967397
385001
752111
437083
664891
267961
533459
440183
418189
17207
421801
284369
636917
451933
229717
15361
278807
957041
260573
366853
718271
40543
46831
818897
205319
261881
379319
317777
196303
608389
852589
703657
474101
249229
493397
658961
146063
107773
898867
511001
13537
266083
562129
399181
930827
792629
416107
981703
736993
619027
510253
842339
977881
840253
836183
221171
447541
420731
794473
589243
434411
837631
47351
365257
883213
676903
961643
788479
114643
499363
201209
559859
558139
496187
929941
773579
222953
587269
727891
397519
311371
762101
379273
833593
192239
618131
992281
886909
752009
130241
707383
558287
664621
663827
713021
990277
413779
479189
673441
391453
945289
664211
398087
586433
166703
77977
39313
306263
96281
97829
71333
137077
867301
399403
811253
905959
130483
905897
45263
481837
844619
421453
106693
800117
468493
