535457
897896
35456
547015
740817
796646
192647
869171
571297
323864
24331
905887
529878
531241
168392
501981
641613
885971
396639
336478
497257
719901
286725
781594
149075
742202
183647
478103
134245
612915
375159
11613
456963
419429
601752
184681
447223
523950
249359
771252
32450
657235
831762
312787
107567
322335
659694
469535
369724
541832
914941
675771
195854
733025
700253
364386
884373
27737
19717
824123
856762
666908
59219
831793
220418
194861
582966
562217
431098
54090
739538
920181
661423
838667
79769
361603
881334
902833
128749
475159
587061
241050
425564
81005
577064
556801
546921
369807
166575
219606
264579
653170
756806
373256
651572
625630
730507
802927
648470
648737
232524
294878
328494
459374
512124
129604
859059
877273
153304
37850
947386
540829
699943
418563
379087
435636
894579
868878
111197
996787
992755
108429
264877
863823
389299
193789
278092
946318
98552
513527
424823
318454
467480
430376
884940
602507
868783
594226
557613
924057
20503
888133
851239
225814
9316
689244
754076
712296
56602
627551
592377
464222
559541
307583
16580
809313
963923
521618
921135
865308
580992
327764
199875
781337
547576
992184
466343
595422
746925
201995
127290
298702
657074
143853
487599
651097
774229
12938
886186
528457
470578
268049
214939
97881
889098
480744
556586
915694
752343
939921
92388
121717
767856
267989
876864
263776
649775
180729
554279
928045
644349
180183
600426
273606
846512
408391
213262
773783
525312
109506
547266
952097
137922
148820
588892
667326
705105
819422
604322
550000
745437
730731
755721
521741
21242
917832
178522
939251
936121
436554
539780
796301
542104
616423
856439
589981
763884
832130
142384
911517
628248
123862
274456
557359
998738
247823
320131
972822
558724
770503
453346
138411
560519
633727
500037
588076
163792
212248
101174
108988
23465
261608
458689
814026
155464
311239
638428
701019
8059
996243
444329
516894
97257
541010
949293
730222
526554
108818
870783
682254
204584
13785
112950
534421
598572
855024
962127
459325
417169
477553
618841
632631
703192
290532
977008
974879
434906
880590
819777
265053
883937
46483
891525
201880
658566
351086
626807
224158
573045
37652
669566
418037
226757
689523
699757
636997
451465
325958
499517
39414
590534
721461
637342
608901
910948
611954
626256
864262
317087
108407
920752
888726
934667
76968
657313
12217
63889
464396
614628
965804
462758
548552
472133
94035
914728
875959
79329
258746
559188
211880
113325
397009
519022
173127
198393
306261
946364
339770
288812
121230
725820
549132
875107
120150
723885
763977
363797
951845
653901
376453
802085
110617
337843
60410
971431
502472
389381
316870
757762
244076
117075
670940
621106
414925
752220
73186
933710
343582
942786
434440
933274
150404
823050
380260
46685
692072
867930
249731
379700
757311
171718
83019
239309
348546
752773
843075
658046
150848
978968
399102
23295
837365
233031
862882
79710
689546
492641
713788
769112
120805
587001
774275
599806
83888
509830
504873
496016
15040
318078
276190
368209
922185
826371
245145
966332
459691
519078
213641
930558
348849
845087
380110
337903
301121
334758
207826
458129
680232
784202
728640
878622
499606
88961
476724
635492
993183
177302
904184
496925
920563
892765
568837
84835
971476
606282
604205
92189
119969
800065
982736
455891
545267
858665
865497
978907
784147
826982
895065
560352
108741
950701
633046
888564
734060
401512
469666
179686
351099
707666
240072
303126
654280
59814
470468
425257
986041
842744
646940
124024
956778
455550
150810
779668
914909
725923
536556
930567
439705
998680
641847
198214
608636
284294
613942
331673
651303
690120
312696
899364
743669
725164
707625
164829
119118
968662
824981
723178
377004
23394
520494
546185
854662
636581
854426
186558
195514
364365
127802
25692
793683
180307
702167
614247
624704
983969
569942
351190
82202
52595
268417
974477
832065
97051
137674
595340
368464
732587
111167
298175
910167
855692
197456
649330
510972
630165
562550
810630
774665
528744
654520
337237
362754
151019
125558
154535
562367
344024
401368
654964
542011
488825
623728
333301
564512
684575
349339
887662
349320
960934
826496
253549
980426
580394
890896
609528
241535
953996
522836
995703
26706
687046
890296
819902
522543
795906
265876
191562
187098
192546
550296
719558
161041
120491
261112
137787
638200
343952
752560
881097
895474
541340
120909
524182
136183
535035
719405
817360
36310
701180
457919
905701
899654
146461
94562
201742
625791
13212
540093
297067
273833
579884
790595
244345
865321
660806
479926
518917
211200
177344
200644
977848
970662
671965
680604
174381
853764
967397
622136
457017
865064
134964
511700
385001
752111
429366
990132
125758
370518
871566
437083
664891
506387
717126
267961
855614
807266
134232
67691
562052
864377
33833
92798
409619
161730
143714
861830
945736
561828
98994
523840
335410
233023
533459
445640
68785
440183
899294
990742
541508
418189
17207
776412
783834
626868
164578
789960
60670
46334
846210
621379
542284
813303
260400
726670
754219
421801
872465
74668
54967
915783
438543
749908
961263
986546
284369
85046
743395
654390
636917
678588
346702
261877
331210
217128
360502
835091
270238
366066
451933
479699
602890
118703
409790
370176
702901
900890
702161
63438
681297
416830
241780
322203
345443
691407
874220
368784
229717
15361
956678
506582
566019
531867
278807
344424
836712
16551
492159
437988
858275
997700
161045
22906
180851
739408
525179
655728
957041
767607
73267
1807
332714
557439
66714
713237
843250
720122
223944
325347
260573
528451
878345
366853
829474
902314
56648
426612
856143
39057
89584
749031
167502
718271
562965
40543
46831
936555
644849
561141
869357
935027
83264
247843
810875
870824
458995
571026
683155
353593
599218
59963
161776
818897
410318
950453
415220
242743
772008
205319
418446
14873
549916
237635
39856
883210
230078
26898
327456
757817
156334
959964
288186
819955
860391
651412
853816
820307
514388
202119
657460
670156
107051
840150
706667
430284
547081
654706
32240
584585
531230
181691
916308
48864
679506
928582
358873
710016
136290
536631
28962
416762
563658
170022
64649
250332
211998
894477
735682
591990
543048
261881
163054
973979
701772
52872
1810
951486
986036
145920
236536
265426
346823
779299
13386
379319
866774
51430
738166
68289
111131
365430
506923
114144
222686
665335
303622
317777
641150
734261
298948
978550
367371
528915
14892
710105
764141
510208
81722
962961
987850
196303
807105
906548
279056
712308
801533
386746
505057
939924
459899
519771
543862
980680
185979
109195
326476
38029
864717
480119
613223
496410
236650
513022
869844
929469
509466
629488
930441
5016
753598
233035
486808
770877
371917
640467
827564
603639
208022
852655
665457
181420
663264
608389
337567
202126
529562
40909
140630
210251
113256
913945
72511
818161
624608
852589
790902
811852
738290
204032
171586
116594
692037
164194
451167
364394
283889
588474
572951
853132
652780
468351
19701
16288
782961
400286
113265
132536
259623
499336
488644
896083
921247
117134
208827
641500
703657
412374
776774
470853
151367
291633
122221
266346
783771
489372
493502
588244
746866
588170
68388
755712
955604
593723
12985
987334
237671
273869
664003
338367
826355
846865
487264
313456
918365
761395
474101
456331
911869
249229
677336
922147
370674
51216
659823
23448
722390
218240
731064
7376
191593
171008
981215
869554
493397
266031
286828
839208
368533
959840
658961
280427
127924
289522
531832
146063
992921
794810
848985
793640
166782
195520
93965
926715
253634
107773
733803
660506
853068
833494
896128
227208
901695
789833
484546
634244
607389
458694
351926
667826
627622
831242
597555
994540
480195
198249
531642
755276
42845
794371
359453
968655
397625
242918
177387
265256
206592
967405
444605
959228
267289
737149
696344
230544
889651
296419
898867
238945
260367
590086
511001
319774
16425
443493
13537
22212
836455
680200
395290
642057
976662
568518
843404
74015
327548
176193
675532
262602
748294
682357
372812
266083
147578
946821
425090
964483
22774
669007
583638
740559
943899
282315
31651
41730
774316
324426
929096
591291
257144
400028
766025
158874
964464
9680
967262
222928
505844
456993
231382
562129
323364
766062
158246
797965
362220
42021
821825
177339
399181
989848
78898
431896
835560
370020
569207
379875
317036
14332
558959
46634
629580
651174
7101
471615
938891
196812
492577
42343
590179
357643
930827
150176
365778
358176
329068
197859
309995
360441
182436
505551
973778
672738
496860
459833
206162
159158
839578
329307
425165
355993
264498
530769
637682
677156
437129
771498
346106
747938
792629
416107
878817
344927
100510
630454
612340
639620
380880
340504
14899
444247
719595
810599
434230
940561
163520
693478
76978
935790
542109
733457
682603
34727
757821
914563
981703
242857
815427
736993
146772
422685
619027
478133
92845
713883
355687
748465
666163
497615
105828
388058
470869
736364
173106
765918
326942
552823
510253
842339
126969
724873
532425
933498
165044
368421
555887
977881
847953
455816
77374
245729
67027
974825
118315
855562
408405
471586
898071
165912
810142
440726
171702
95762
236518
526767
670260
693811
433030
783196
215416
824484
850011
299050
245292
667767
378452
347576
684594
840253
628523
837518
319760
336410
99464
254814
98565
161930
738914
470942
63688
485114
70432
763899
951040
367601
279853
148769
836183
652362
394305
647055
595953
384704
962121
437437
367459
221171
447541
925341
632891
641539
891018
644677
36138
420731
254102
562329
545989
740327
267295
794473
120727
523422
529922
963498
600225
61974
73003
425313
154192
772355
589243
379016
248991
962682
58683
434411
760517
824607
554247
557557
556874
472590
598277
440534
602174
745292
559370
248812
391533
656567
228201
388110
317392
837631
891715
402347
388592
47351
936952
365257
576143
844182
258965
160478
943446
811153
521677
858402
633746
304372
626208
992792
733890
555913
578105
916139
11002
103507
313076
570002
527480
942347
940245
944980
179753
498396
292603
224769
277525
507943
636256
109665
382783
154761
883213
97158
761621
364067
676903
560682
966969
981580
275240
312380
266638
676338
242996
961643
858573
797525
583389
788479
74056
88415
88221
39194
59598
114643
366545
521621
749561
499363
223777
128098
294105
574449
806327
446633
490810
854760
201209
934150
183402
821576
985811
220463
37269
861679
559859
987586
579006
850140
959813
526203
896025
787730
255337
509639
932284
107986
558139
745338
887492
754292
135407
664898
829694
893956
113218
95879
264901
184108
779716
422125
72508
833345
553522
584030
911489
313397
269750
496187
929941
466705
554164
367051
369295
928631
705435
93764
444590
237140
686104
374972
703465
738139
534793
435483
919083
411257
755352
288810
455973
38701
13048
277135
962843
718935
773579
222953
192661
587269
357591
902633
727891
747050
251547
709357
397519
837997
415224
311371
212568
372335
756755
831226
718085
954712
908067
572632
762101
768512
926718
603815
815901
258999
574553
569703
144915
772861
379273
950027
325907
24045
771903
606368
833593
647388
211332
868450
678693
774412
356502
598404
369392
519729
27478
641497
789513
501874
908569
822774
939230
38972
689810
181298
867956
457501
617535
447141
544032
31530
230454
861011
852206
430120
394528
312381
387358
192239
618131
429196
221765
671331
28384
690737
363215
95825
320206
854915
192573
877214
451576
992281
771951
63899
851602
201220
548408
886909
432478
642333
643151
672644
752009
874667
612500
8192
260359
602496
294425
936338
682775
848533
113228
130241
239528
257963
5013
451883
584900
707383
947850
33706
59027
643752
933097
39480
89526
610634
98128
558287
354272
232528
655733
664621
622340
522795
201793
537929
27063
756661
960311
676548
893290
308015
533728
663827
140365
787184
766445
648332
713021
536610
400793
685377
454252
42306
307207
353735
327446
101226
204185
609232
919441
648130
948595
666008
711837
990277
673253
806630
694814
824238
276163
413779
515871
816345
24661
189138
505320
716802
327699
479189
601008
947160
50815
862967
406694
351870
100875
673441
361635
336853
391453
922033
273371
931482
714759
174895
271358
405115
492314
289895
576009
945289
854109
564898
345864
561919
4778
770745
265041
820303
375343
746470
463755
225480
630396
719598
826642
81465
203102
281034
736754
431085
664211
991838
827530
245663
896306
928326
370702
378466
740779
82282
515005
921869
512613
424644
708740
515364
536786
613912
288628
840049
650182
784602
398087
4950
434184
586433
109950
781500
795648
661536
871826
674740
397743
44816
166703
633267
357224
551718
587089
794686
570916
77977
357840
39313
11820
877546
711068
282076
343946
307756
415855
371070
245103
234844
196238
180912
898098
278345
732772
990058
213384
339457
436213
513426
479941
406322
206214
25202
306263
458271
943635
851368
909568
401452
671962
137523
38914
359828
741498
204758
76681
318411
739403
994846
152932
69692
409325
75718
428427
649575
96281
429185
54644
965719
975596
775078
702905
119061
599152
499472
969787
998384
97829
349380
412246
88137
715952
932263
443464
71333
221732
715962
829171
732193
137077
663102
64281
867301
660827
853761
480931
399403
621399
451182
541573
654562
787945
147498
404547
811253
393600
789969
514622
859069
780008
232902
667238
15076
659255
586441
722782
437432
607506
940627
905959
248766
54043
331595
415405
335894
210061
186521
889949
127806
93524
734889
130483
570464
49501
905897
360192
814794
939860
45263
220910
713365
481837
379471
649704
81597
51903
531404
757268
820937
639560
548617
838550
424302
535046
843905
686047
88178
765656
167598
447491
641126
257256
231980
372204
765053
190750
890427
924176
533425
47680
837388
904962
119751
394780
640013
425784
639971
544245
538222
795767
484018
844619
857260
652016
164649
506643
65218
947295
665758
549034
477757
732348
507734
661122
363246
22431
264020
522401
733727
421453
60892
393480
420634
592104
671561
598585
128889
106693
176082
856670
38982
690915
800117
286371
183890
381591
468493
309426
266123
659431
813552
